# Created by Octave 4.0.0, Fri Feb 19 14:33:18 2016 EET <cosmin@silversurfer>
# name: v
# type: matrix
# rows: 2
# columns: 1
 3999
 3299


